%% New MATLAB colors
colors.b=[0,0.4470,0.7410];
colors.o=[0.8500,0.3250,0.0980];
colors.y=[0.9290,0.6940,0.1250];
colors.p=[0.4940,0.1840,0.5560];
colors.g=[0.4660,0.6740,0.1880];
colors.lb=[0.3010,0.7450,0.9330];
colors.r=[0.6350,0.0780,0.1840];
colors.k=[0,0,0];
colors.w=[1,1,1];